7E AA 12 00 00 01 00 01 00 00 F4 02 01 01 01 01 03 01 02 18 00 18 00 00 00 00 00 00 00 00 00 00 00 00 00 00 00 00 00 00 00 00 00 00 00 00 00 00 00 00 00 00 00 00 00 00 00 00 00 00 00 02 0E 00 00 00 02 01 0D 20 00 00 00 00 00 00 00 00 00 00 00 00 00 00 00 00 00 00 00 00 00 00 00 00 00 00 00 00 00 00 00 00 00 00 00 F3 00 F3 00 F6 00 C8 0F FF 00 C8 0F EF 00 C8 0F 00 00 00 00 00 00 00 00 00 00 00 00 00 00 00 00 E8 03 E8 03 E8 03 E8 03 00 00 00 00 00 00 00 00 00 00 03 00 03 00 03 00 03 00 00 00 00 00 00 00 00 00 00 00 00 00 00 00 00 00 00 00 00 00 00 00 00 00 00 00 00 00 00 00 00 00 00 00 00 00 00 00 02 01 01 01 03 01 02 18 00 18 00 00 00 00 00 00 00 00 00 00 00 00 00 00 00 00 00 00 00 00 00 00 00 00 00 00 00 00 00 00 00 00 00 00 00 00 00 00 00 01 0E 00 00 00 02 07 05 20 00 00 00 00 00 00 00 00 00 00 00 00 00 00 00 00 00 00 00 00 00 00 00 00 00 00 00 00 00 00 00 00 00 00 00 00 00 00 00 00 00 00 00 00 00 00 00 00 00 00 00 00 00 00 00 00 00 00 00 00 00 00 00 00 00 00 00 00 00 00 00 00 00 00 00 00 00 00 00 00 00 00 00 00 00 00 00 00 00 00 00 00 00 00 00 00 00 00 00 00 00 00 00 00 00 00 00 00 00 00 00 00 00 00 00 00 00 00 00 00 00 00 00 00 00 00 00 00 00 00 00 03 01 01 01 03 01 02 18 00 18 00 00 00 00 00 00 00 00 00 00 00 00 00 00 00 00 00 00 00 00 00 00 00 00 00 00 00 00 00 00 00 00 00 00 00 00 00 00 00 02 0E 00 00 00 02 01 0D 20 00 00 00 00 00 00 00 00 00 00 00 00 00 00 00 00 00 00 00 00 00 00 00 00 00 00 00 00 00 00 00 00 00 00 00 F6 00 EF 00 F7 00 C8 0F F5 00 C8 0F F6 00 C8 0F 00 00 00 00 00 00 00 00 00 00 00 00 00 00 00 00 E8 03 E8 03 E8 03 E8 03 00 00 00 00 00 00 00 00 00 00 03 00 03 00 03 00 03 00 00 00 00 00 00 00 00 00 00 00 00 00 00 00 00 00 00 00 00 00 00 00 00 00 00 00 00 00 00 00 00 00 00 00 00 00 00 00 04 01 01 01 03 01 02 18 00 18 00 00 00 00 00 00 00 00 00 00 00 00 00 00 00 00 00 00 00 00 00 00 00 00 00 00 00 00 00 00 00 00 00 00 00 00 00 00 00 02 0E 00 00 00 02 01 0D 20 00 00 00 00 00 00 00 00 00 00 00 00 00 00 00 00 00 00 00 00 00 00 00 00 00 00 00 00 00 00 00 00 00 00 00 F9 00 FA 00 F2 00 C8 0F F0 00 C8 0F F9 00 C8 0F 00 00 00 00 00 00 00 00 00 00 00 00 00 00 00 00 E8 03 E8 03 E8 03 E8 03 00 00 00 00 00 00 00 00 00 00 03 00 03 00 03 00 03 00 00 00 00 00 00 00 00 00 00 00 00 00 00 00 00 00 00 00 00 00 00 00 00 00 00 00 00 00 00 00 00 00 00 00 00 00 00 00 76 43 EE 7E 7B

7E AA 12 00 00 01 00 01 00 00 F4 02 

01 01 01 01 03 01 02 18 00 18 
00 00 00 00 00 00 00 00 00 00
00 00 00 00 00 00 00 00 00 00 
00 00 00 00 00 00 00 00 00 00 
00 00 00 00 00 00 00 00 00 02 
0E 00 00 00 02 01 0D 20 00 00 
00 00 00 00 00 00 00 00 00 00 
00 00 00 00 00 00 00 00 00 00 
00 00 00 00 00 00 00 00 00 00 
00 00 00 F3 00 F3 00 F6 00 C8 

0F FF 00 C8 0F EF 00 C8 0F 00 
00 00 00 00 00 00 00 00 00 00 
00 00 00 00 00 E8 03 E8 03 E8 
03 E8 03 00 00 00 00 00 00 00 
00 00 00 03 00 03 00 03 00 03 
00 00 00 00 00 00 00 00 00 00 
00 00 00 00 00 00 00 00 00 00 
00 00 00 00 00 00 00 00 00 00 
00 00 00 00 00 00 00 00 00 02 
01 01 01 03 01 02 18 00 18 00 

00 00 00 00 00 00 00 00 00 00 
00 00 00 00 00 00 00 00 00 00 
00 00 00 00 00 00 00 00 00 00 
00 00 00 00 00 00 00 00 01 0E 
00 00 00 02 07 05 20 00 00 00 
00 00 00 00 00 00 00 00 00 00 
00 00 00 00 00 00 00 00 00 00 
00 00 00 00 00 00 00 00 00 00 
00 00 00 00 00 00 00 00 00 00 
00 00 00 00 00 00 00 00 00 00 

00 00 00 00 00 00 00 00 00 00 
00 00 00 00 00 00 00 00 00 00 
00 00 00 00 00 00 00 00 00 00 
00 00 00 00 00 00 00 00 00 00 
00 00 00 00 00 00 00 00 00 00 
00 00 00 00 00 00 00 00 00 00 
00 00 00 00 00 00 00 00 00 00 
00 00 00 00 00 00 00 00 03 01 
01 01 03 01 02 18 00 18 00 00 
00 00 00 00 00 00 00 00 00 00 

00 00 00 00 00 00 00 00 00 00 
00 00 00 00 00 00 00 00 00 00 
00 00 00 00 00 00 00 02 0E 00 
00 00 02 01 0D 20 00 00 00 00 
00 00 00 00 00 00 00 00 00 00 
00 00 00 00 00 00 00 00 00 00 
00 00 00 00 00 00 00 00 00 00 
00 F6 00 EF 00 F7 00 C8 0F F5 
00 C8 0F F6 00 C8 0F 00 00 00 
00 00 00 00 00 00 00 00 00 00 

00 00 00 E8 03 E8 03 E8 03 E8 
03 00 00 00 00 00 00 00 00 00 
00 03 00 03 00 03 00 03 00 00 
00 00 00 00 00 00 00 00 00 00 
00 00 00 00 00 00 00 00 00 00 
00 00 00 00 00 00 00 00 00 00 
00 00 00 00 00 00 00 04 01 01 
01 03 01 02 18 00 18 00 00 00 
00 00 00 00 00 00 00 00 00 00 
00 00 00 00 00 00 00 00 00 00 

00 00 00 00 00 00 00 00 00 00 
00 00 00 00 00 00 02 0E 00 00 
00 02 01 0D 20 00 00 00 00 00 
00 00 00 00 00 00 00 00 00 00 
00 00 00 00 00 00 00 00 00 00 
00 00 00 00 00 00 00 00 00 00 
F9 00 FA 00 F2 00 C8 0F F0 00 
C8 0F F9 00 C8 0F 00 00 00 00 
00 00 00 00 00 00 00 00 00 00 
00 00 E8 03 E8 03 E8 03 E8 03 

00 00 00 00 00 00 00 00 00 00 
03 00 03 00 03 00 03 00 00 00 
00 00 00 00 00 00 00 00 00 00 
00 00 00 00 00 00 00 00 00 00 
00 00 00 00 00 00 00 00 00 00 
00 00 00 00 00 00 

76 43 EE 7E 7B